54 150 263 230
